6231 181 28
140.1 170 101.8
128.4 156 0.0
145.2 171 106.2
131.3 165 0.0
144.8 170 0.0
1124 178 36
122.8 139 138.4
119.6 142 0.0
117.8 134 133.4
115.3 145 134.2
87.2 109 120.5
7345 195 36
128.4 151 104.6
120.5 153 0.0
134.5 166 140.4
127.4 156 0.0
150.3 169 158.5
9439 197 21
121.5 143 112.2
128.9 145 0.0
126.1 159 134.5
123.0 152 0.0
131.5 147 0.0
4545 190 52
114.8 130 113.1
102.6 131 0.0
117.4 129 149.1
-1 -1 114.0
114.1 123 119.5
2438 200 26
123.0 165 105.4
118.2 130 122.0
121.7 136 124.5
116.1 130 0.0
111.0 152 103.5
2776 178 45
110.3 120 129.1
107.8 132 0.0
111.5 145 135.0
-1 -1 0.0
95.5 119 0.0
8762 186 28
122.7 146 151.9
116.0 137 0.0
119.9 145 0.0
123.3 148 150.0
121.0 142 156.3
4915 185 27
120.3 169 0.0
130.2 150 0.0
123.0 158 0.0
133.4 152 0.0
131.6 159 0.0
3521 181 51
108.3 133 119.3
-1 -1 0.0
117.6 147 125.3
106.7 131 0.0
122.7 159 0.0